 -2.50,  -0.3295,  -0.5904
 -2.48,   0.4704,  -0.1803
 -2.45,   0.2934,  -0.0052
 -2.43,   0.3701,  -0.1058
 -2.40,   0.0297,   0.0592
 -2.38,  -0.4202,   0.1750
 -2.35,  -0.2626,  -0.0058
 -2.33,   0.1622,   0.2579
 -2.30,   0.3102,  -0.0587
 -2.28,  -0.1992,  -0.0972
 -2.25,  -0.0913,   0.2920
 -2.23,   0.2779,  -0.2156
 -2.20,   0.1016,   0.2556
 -2.18,  -0.0715,  -0.2103
 -2.15,  -0.1933,   0.1291
 -2.13,  -0.3161,  -0.0038
 -2.10,   0.1124,  -0.0674
 -2.08,   0.0577,  -0.0966
 -2.05,   0.1857,  -0.2735
 -2.03,   0.0552,  -0.0509
 -2.00,   0.2550,  -0.1232
 -1.98,   0.2459,   0.1759
 -1.95,   0.0239,  -0.4051
 -1.93,  -0.0131,  -0.5446
 -1.90,   0.2281,   0.1539
 -1.88,  -0.0844,  -0.2004
 -1.85,  -0.0210,   0.0813
 -1.83,  -0.0039,   0.2298
 -1.80,   0.2117,   0.3687
 -1.78,   0.0542,   0.0398
 -1.75,  -0.0302,  -0.5919
 -1.73,   0.1276,   0.0537
 -1.70,   0.1741,  -0.1304
 -1.68,  -0.0795,  -0.4208
 -1.65,   0.2359,   0.2075
 -1.63,  -0.1082,   0.3057
 -1.60,   0.1795,   0.0296
 -1.58,   0.1272,  -0.1942
 -1.55,  -0.1275,  -0.4049
 -1.53,   0.1416,  -0.0234
 -1.50,   0.1739,   0.0743
 -1.48,   0.3511,   0.0412
 -1.45,   0.0628,   0.0130
 -1.43,   0.0898,   0.0736
 -1.40,  -0.0194,   0.0950
 -1.38,   0.0977,   0.0976
 -1.35,   0.1251,  -0.4535
 -1.33,   0.2927,   0.0166
 -1.30,   0.0173,  -0.1163
 -1.28,   0.2159,  -0.0965
 -1.25,   0.2238,  -0.0510
 -1.23,   0.4266,   0.0186
 -1.20,   0.3409,   0.0031
 -1.18,   0.6485,   0.0857
 -1.15,   0.8869,   0.4663
 -1.13,   1.5166,  -0.3659
 -1.10,   1.3057,   0.1323
 -1.08,   1.3442,   0.2428
 -1.05,   1.8298,  -0.0678
 -1.03,   2.2005,  -0.0044
 -1.00,   2.2396,   0.3441
 -0.98,   2.7438,  -0.0605
 -0.95,   2.7507,   0.2022
 -0.93,   3.2707,  -0.2081
 -0.90,   3.6680,   0.1377
 -0.88,   4.0109,   0.2801
 -0.85,   5.0760,   0.3632
 -0.83,   5.0884,   0.0942
 -0.80,   5.7317,   0.3275
 -0.78,   6.2581,   0.1330
 -0.75,   6.8774,   0.0320
 -0.73,   6.9181,   0.4796
 -0.70,   7.5664,   0.3852
 -0.68,   7.7643,   0.6591
 -0.65,   8.4968,   0.6424
 -0.63,   8.6867,   0.3946
 -0.60,   8.7340,   0.0592
 -0.58,   9.0408,   0.7114
 -0.55,   9.8186,   0.5673
 -0.53,   9.7594,   0.5491
 -0.50,   9.6528,   0.8434
 -0.48,   9.5346,   0.5945
 -0.45,   9.4345,   0.6571
 -0.43,   9.5482,   0.5846
 -0.40,   9.2038,   0.6458
 -0.38,   8.9256,   0.8265
 -0.35,   8.5866,   0.9379
 -0.33,   8.3065,   1.0579
 -0.30,   8.0588,   1.4062
 -0.28,   8.0882,   1.3806
 -0.25,   7.9432,   1.0435
 -0.23,   7.5494,   1.1747
 -0.20,   7.2724,   1.0842
 -0.18,   6.9914,   1.3272
 -0.15,   6.9899,   1.3537
 -0.13,   6.2667,   1.4299
 -0.10,   6.3446,   1.0844
 -0.08,   5.6563,   1.3784
 -0.05,   6.1682,   1.4700
 -0.03,   5.7795,   1.2749
 -0.00,   5.3536,   1.5267
  0.02,   5.0749,   1.6299
  0.05,   5.1649,   1.0455
  0.07,   4.9180,   1.2354
  0.10,   4.3826,   1.3133
  0.12,   4.6164,   1.5167
  0.15,   4.5157,   1.0969
  0.17,   4.4763,   1.5518
  0.20,   4.1716,   1.3863
  0.22,   4.5891,   1.4192
  0.25,   4.0244,   1.1471
  0.27,   4.4996,   1.4646
  0.30,   4.3582,   1.1858
  0.32,   4.5424,   1.2605
  0.35,   4.2199,   1.2334
  0.37,   4.4971,   0.7969
  0.40,   4.3287,   0.7332
  0.42,   4.3055,   0.9162
  0.45,   3.9627,   0.8635
  0.47,   4.5563,   0.7760
  0.50,   4.4061,   0.9167
  0.52,   4.6892,   0.7132
  0.55,   4.8133,   0.6188
  0.57,   4.4790,   0.8372
  0.60,   4.8033,   0.6190
  0.62,   5.3499,   0.6111
  0.65,   4.5703,   0.3993
  0.67,   4.6172,   0.1507
  0.70,   5.0018,   0.4275
  0.72,   4.1120,   0.1098
  0.75,   4.5140,   0.2843
  0.77,   4.5745,   0.5245
  0.80,   4.2272,   0.0197
  0.82,   4.1474,  -0.0182
  0.85,   3.8504,   0.3999
  0.87,   3.3657,   0.1814
  0.90,   3.1521,   0.3601
  0.92,   2.8119,   0.2503
  0.95,   2.6282,   0.0763
  0.97,   2.5372,   0.1311
  1.00,   2.5280,   0.3672
  1.02,   2.1355,   0.0160
  1.05,   1.5579,   0.4231
  1.07,   1.5048,   0.1922
  1.10,   1.4804,  -0.0124
  1.12,   1.1330,  -0.1017
  1.15,   1.3187,   0.0560
  1.17,   0.8785,  -0.0638
  1.20,   0.8849,  -0.2341
  1.22,   0.7462,   0.2862
  1.25,   0.4497,   0.0974
  1.27,   0.5913,   0.0875
  1.30,   0.3025,   0.0628
  1.32,   0.0969,   0.1845
  1.35,   0.5294,  -0.3000
  1.37,   0.0708,   0.7378
  1.40,   0.3109,   0.1202
  1.42,   0.1945,  -0.0231
  1.45,   0.0972,  -0.1347
  1.47,   0.3094,  -0.0639
  1.50,  -0.0751,  -0.0816
  1.52,  -0.0556,  -0.1640
  1.55,  -0.1403,  -0.0061
  1.57,  -0.0575,  -0.0916
  1.60,   0.0385,  -0.0551
  1.62,  -0.0782,  -0.2083
  1.65,  -0.0053,   0.2627
  1.67,  -0.2246,   0.0503
  1.70,   0.1954,  -0.0380
  1.72,  -0.0683,   0.4360
  1.75,  -0.3999,   0.0983
  1.77,   0.0352,   0.1776
  1.80,  -0.0884,   0.0093
  1.82,   0.0535,  -0.1847
  1.85,  -0.1077,   0.0658
  1.87,  -0.3383,   0.0846
  1.90,  -0.1193,   0.0199
  1.92,   0.0975,   0.0509
  1.95,  -0.2255,  -0.0101
  1.97,  -0.1026,   0.0042
  2.00,   0.1434,   0.0116
  2.02,  -0.0555,   0.1023
  2.05,  -0.5398,   0.0573
  2.07,   0.2753,  -0.3850
  2.10,  -0.0689,  -0.1255
  2.12,  -0.0500,   0.3733
  2.15,   0.2480,   0.4819
  2.17,   0.4320,  -0.1221
  2.20,   0.0154,  -0.1709
  2.22,   0.0172,  -0.0831
  2.25,  -0.2884,  -0.0119
  2.27,  -0.6961,   0.3178
  2.30,  -0.0056,  -0.1021
  2.32,  -0.0187,   0.4008
  2.35,  -0.1752,  -0.1582
  2.37,  -0.1190,   0.1652
  2.40,   0.1910,  -0.1697
  2.42,  -0.1192,  -0.2785
  2.45,  -0.3388,  -0.0115
  2.47,  -0.1471,   0.0107
  2.50,  -0.0609,   0.0469
